61087   87490
31697   16584
57649   82503
75864   27659
27509   96436
37785   17549
30806   12666
71338   26039
94200   13799
73623   88618
60764   14092
46867   30593
62601   80528
78776   30420
35971   56025
48962   48962
50942   30534
56279   53981
47754   82614
39355   49866
60617   68321
50272   33448
70518   96366
94959   75903
85770   75458
36168   61514
91570   37792
75972   56754
22980   49647
25926   73036
72340   42491
96648   61514
27237   24213
46662   93644
61624   40593
98665   18860
19380   56611
50919   40593
16962   12050
30683   75364
57102   33189
77088   43939
93276   19585
32452   24213
62197   78297
99845   25512
88379   76585
90636   44964
16913   57023
32162   51560
13881   76908
75025   61514
23570   94541
91908   88158
99552   17515
98990   18854
37417   24378
35289   31427
79815   91094
32154   53981
92170   62197
94073   32248
95673   36484
70265   84419
85924   19248
47465   43648
12247   91025
55919   54408
66716   55755
43564   32349
55279   19602
58640   33392
73260   88760
82455   24213
18010   86649
32127   31642
73441   82503
27418   14238
20256   96352
60860   91025
79287   32248
12451   45400
74928   68127
58523   98877
40876   50982
27491   25610
90379   40593
83566   15683
47924   44687
46057   50583
66111   61546
20706   26039
94668   24213
55150   99467
83123   41078
42491   40593
50088   56370
45586   94541
60182   82503
80528   81668