14 26 47 96 208 446 930 1893 3779 7407 14241 26832 49537 89675 159354 278299 478132 808704 1347259 2211424 3577270
11 35 81 158 275 441 665 956 1323 1775 2321 2970 3731 4613 5625 6776 8075 9531 11153 12950 14931
18 27 40 59 81 91 50 -122 -568 -1521 -3336 -6527 -11809 -20145 -32798 -51388 -77954 -115021 -165672 -233625 -323315
7 10 19 34 55 82 115 154 199 250 307 370 439 514 595 682 775 874 979 1090 1207
11 32 70 137 253 449 772 1300 2190 3797 6927 13359 26967 56231 119897 259515 566513 1239226 2700380 5834113 12454133
5 20 64 149 285 480 740 1069 1469 1940 2480 3085 3749 4464 5220 6005 6805 7604 8384 9125 9805
7 28 64 127 256 545 1192 2577 5377 10726 20428 37231 65170 109987 179636 284881 439995 663568 979432 1417711 2016004
-2 -3 -4 -5 -6 -7 -8 -9 -10 -11 -12 -13 -14 -15 -16 -17 -18 -19 -20 -21 -22
18 45 90 155 249 397 664 1212 2414 5058 10686 22128 44309 85428 158632 284335 493362 831131 1363122 2181921 3416169
10 14 9 5 21 93 304 858 2242 5556 13150 29813 64971 136807 280216 562651 1116306 2203618 4348835 8596161 17001841
21 41 85 180 374 742 1405 2583 4714 8699 16393 31574 61822 122106 241587 476607 935964 1831346 3580258 7018773 13841427
5 2 6 30 95 234 491 915 1554 2457 3703 5523 8713 15826 34179 82647 205703 500400 1165216 2584176 5465751
24 36 60 106 187 320 521 806 1235 2077 4242 10247 26211 65806 157892 361020 790614 1669390 3420164 6835692 13387759
27 36 43 64 142 360 868 1954 4203 8802 18064 36259 70860 134374 247150 442223 774975 1344404 2341497 4158158 7625686
3 26 65 124 213 352 591 1063 2089 4356 9191 18956 37591 71334 129649 226395 381271 621574 984309 1518692 2289089
14 11 19 50 128 315 763 1807 4114 8903 18251 35500 65780 116663 198963 327697 523222 812563 1230947 1823558 2647528
7 25 55 96 147 207 275 350 431 517 607 700 795 891 987 1082 1175 1265 1351 1432 1507
4 20 52 102 172 264 380 522 692 892 1124 1390 1692 2032 2412 2834 3300 3812 4372 4982 5644
12 12 26 79 205 448 871 1577 2742 4665 7868 13347 23205 42121 80471 160487 327720 671410 1359366 2695903 5215645
0 -5 -19 -42 -56 -11 190 707 1780 3747 7063 12320 20268 31837 48160 70597 100760 140539 192129 258058 341216
-2 -8 -4 20 70 145 240 357 523 807 1311 2072 2738 1758 -5346 -29249 -92392 -237526 -539350 -1117924 -2149630
-5 -10 -11 8 77 246 598 1278 2554 4945 9495 18359 36020 71695 143811 287798 568801 1101338 2079037 3821332 6855171
4 3 21 80 211 461 917 1759 3353 6408 12262 23439 44729 85167 161385 302817 559054 1009141 1771607 3012302 4944411
22 34 50 86 170 359 784 1749 3934 8783 19198 40724 83538 165840 319898 603491 1122806 2079904 3872226 7299442 13984490
23 30 48 88 163 300 570 1157 2507 5632 12710 28259 61453 130759 273345 564318 1156141 2359172 4805190 9776416 19859989
-8 -12 -15 -17 -18 -18 -17 -15 -12 -8 -3 3 10 18 27 37 48 60 73 87 102
12 14 23 45 102 247 580 1269 2578 4894 8728 14643 23033 33638 44646 51286 44214 9398 -64873 -158619 -131618
11 17 25 37 50 57 63 140 567 2132 6711 18277 44524 99329 206393 404850 759118 1379591 2472170 4462351 8302561
20 30 52 106 228 481 966 1833 3292 5624 9192 14452 21964 32403 46570 65403 89988 121570 161564 211566 273364
19 35 62 100 148 202 264 372 654 1399 3129 6654 13105 23978 41297 68130 109885 177091 290752 491872 857410
26 53 92 147 230 362 569 880 1356 2228 4324 10158 26391 68939 172950 411497 929690 2005975 4161296 8352141 16309216
14 28 53 109 222 414 702 1129 1859 3378 6861 14805 32108 67918 138842 274682 529326 1003298 1894435 3617291 7086724
0 10 48 129 283 568 1090 2035 3720 6689 11927 21355 38926 72920 140574 277328 555542 1123404 2287945 4694976 9719897
6 12 20 37 75 160 354 801 1812 4008 8543 17429 33981 63405 113625 196746 332414 556348 941370 1645501 3013355
17 23 29 35 41 47 53 59 65 71 77 83 89 95 101 107 113 119 125 131 137
13 27 50 83 129 193 298 531 1133 2647 6138 13499 27857 54093 99490 174523 293805 477203 751138 1150083 1718273
28 43 58 73 88 103 118 133 148 163 178 193 208 223 238 253 268 283 298 313 328
11 9 4 -6 -32 -95 -222 -437 -733 -973 -600 2069 11356 37240 101235 247946 568267 1246553 2656208 5549892 11427768
25 46 78 121 175 240 316 403 501 610 730 861 1003 1156 1320 1495 1681 1878 2086 2305 2535
17 28 57 125 276 592 1206 2313 4189 7247 12190 20366 34490 59973 107187 195096 356793 647598 1156487 2021731 3451720
24 45 84 157 299 582 1135 2162 3951 6861 11277 17571 26268 39002 61652 112657 242756 579095 1420548 3439575 8102595
21 38 57 74 91 122 210 467 1155 2840 6683 15001 32365 67738 138540 278114 548921 1064986 2028733 3789476 6933575
8 19 49 99 166 247 345 489 795 1610 3796 9226 21579 47536 98494 192930 359562 641469 1101347 1828093 2944924
13 32 68 127 228 417 781 1462 2671 4702 7946 12905 20206 30615 45051 64600 90529 124300 167584 222275 290504
13 23 35 45 59 104 245 624 1547 3653 8200 17500 35563 69181 130275 241965 454837 889032 1837669 4008880 9069103
13 18 24 33 50 93 221 590 1552 3829 8843 19391 41067 85240 175168 358274 730288 1481876 2987401 5972131 11825257
14 15 16 17 18 19 20 21 22 23 24 25 26 27 28 29 30 31 32 33 34
8 28 71 152 288 498 803 1226 1792 2528 3463 4628 6056 7782 9843 12278 15128 18436 22247 26608 31568
2 -3 -2 20 86 241 589 1370 3115 6958 15253 32753 68782 141126 282900 554641 1065785 2013448 3754005 6938327 12772443
8 8 -1 -29 -91 -197 -333 -435 -345 303 2402 8180 23048 59530 145226 338410 757762 1637618 3428041 6971393 13805807
