61|32
19|74
19|96
82|29
82|54
82|83
37|26
37|53
37|38
37|14
36|28
36|39
36|99
36|42
36|62
76|35
76|51
76|58
76|33
76|13
76|37
42|85
42|37
42|28
42|62
42|41
42|83
42|59
26|78
26|55
26|11
26|97
26|92
26|29
26|54
26|82
98|74
98|23
98|54
98|11
98|55
98|69
98|34
98|97
98|85
35|36
35|69
35|73
35|14
35|96

62,33,12,19,48,99,14,98,29,82,72,37,51
39,83,76,32,43,18,87,37,53,51,35,48,38
83,28,37,88,62,58,53,68,13
68,15,19,35,13,26,48,38,58,12,51,32,18,87,53,14,88,33,62,28,72,43,99
19,34,69,29,11,45,78,74,82,23,42
62,58,53,68,14,33,12,26,15,98,11,82,29,96,69
35,72,48,38,34,83,99,37,33,88,76,53,28,62,32,18,23,87,43,68,14,12,51
73,69,19,59,92,61,39,45,55,85,97,82,42,15,54,13,11,41,29
19,98,29,69,36,92,59,97,39,41,23
51,18,88,34,72
92,74,59,61,97,23,99,87,88,62,51
58,51,72,68,33,13,15,19,98,11,82,29,96,45,73,69,78
41,23,83,76,32,43,18,87,37,88,62,51,35,48,72,68,14,38,33
61,58,28,39,85,97,18,48,83,41,34,43,32,59,62,51,37,23,76,53,99
76,32,48,43,83,72,99,53,88,51,62,41,14,87,18,33,38,68,34,23,28,58,35
74,59,61,97,85,41,34,23,76,99,87,37,62,51,35
42,39,61,23,83,74,85,88,62,41,92,28,54,76,99,87,36,18,43,37,32,97,34
78,96,59,69,41,55,43,18,73
55,54,36,42,74,61,39,41,23,83,43,18,99
85,92,23,73,39,76,99,43,54
32,43,41,72,23,68,35,34,62,53,14,51,88,48,85,99,58
26,35,33,48,53,12,98,13,55,78,51,68,96,11,14,29,73,45,72
82,73,55,54,36,59,97,41,34
69,78,55,36,42,92,74,59,61,97,85,39,41,23,83,76,32,43,18,28,99
42,23,34,74,83,54,85,59,69,82,98,96,92
78,54,42,92,74,59,61,85,41,34,23,76,18,28,99,87,37
69,96,36,68,98,14,42,38,19,33,82,92,11,45,15,29,72,12,78,55,73,13,26
98,69,36,92,59
29,69,39,41,34,32,43
85,87,83,76,48,18,43,61,72,99,51,53,28
54,96,82,74,69,42,15
88,62,87,48,38,26,15,58,33,35,29,96,98,72,82,12,11
42,78,36,61,59,11,54,82,12,19,55,69,15,73,98,33,74
78,92,59,33,55,61,15,26,11,36,42,74,73
35,28,74,18,87,51,53,97,85
62,87,92,32,74,59,76,36,39,43,58
28,99,37,88,62,58,53,51,35,48,68,14,38,33,12,26,13,15,98,11,82
48,72,33,58,41,99,14,51,38,43,88,37,34,28,68
61,97,85,41,83,76,37,88,58,53,35
99,87,37,62,53,51,48,14,38,33,15,19,98,82,29
68,33,96,45,69,78,55,54,74
26,33,13,45,72,48,68,19,96,51,88,11,82,38,98,62,12
36,61,99,92,74,41,55,39,54,43,78,76,28,87,23
32,39,85,34,88,18,53,58,51,76,83,97,43,23,37,62,41,59,87,61,99
28,99,87,37,88,48,38,98,82
38,33,12,15,19,98,11,78,55,36,42,92,74,59,61
53,51,35,72,68,38,33,12,15,19,11,45,73,69,55
18,62,58,48,72,14,33,26,13,15,19
62,48,14,38,19,45,69