021100121022300121020304244001134204213440331423351253455312304202000142430440402000102100010012001
212112200302012112114404004343323010001555344131524354533222421401044024100314311233132333120002120
001112132022031311343013411004034101221451551452553134332114313511202230442322401330020011133310011
101011102332213111204044323030241245514513514352125432511431552112212230211120021101213101021332122
120201331023003122211414102411241333454454415533145542132412521355224314032201023041331022233003212
111201133202120233040101144053431335432322531225552142451355332245423344140444023441431231311003220
210220301323331223114023214251133322312334113524445351433322242414523254353321044124443201331301120
002220010002313343434033243351213114211241525454566342213254153255525512234354342213032240332302033
110022102004420431301015343132544343554162542463343236455532544153414313554154243110304330112311332
101122133314020410121342231311535243362566353264634235633255233421453134445222411112032343033003020
312122323430244102023214412314455535653626355642333536446663534344514234454432512331012210343110331
102121011122421340411235231142223262366522453366665342434233556652534434234524555514020123034333132
233001100430210405431555214251263246524633556253255335443664225662352533241143545442310012420202002
332233344204032414234154144433344354645565356665552364265454662445624446413334232524502200341111202
223102143031020231344325533663652454434265423436364734665334543225634666435522542524120140041413130
321000340443405412131512466633625336263625455634443645436442326654324336563515445544423044322200011
322101030124113452324444225356545426445466436576746567557453656665263322524342414223555532104311100
200233122013252423324352535666335562473534667534365374536636635764646436452652151424221242242002333
122444442345121153134326544563633437575346544373636766563665656545545445325464645232353353002141313
013022430132321515326235333433335336336637576746435546577576644564773522636636443213434225130413143
132022242245541414134346535246534643675733743644367465565575345766747564666333224445144553402430122
042110243221115344643545454255635536543774335543444335643467543737553776343564265622254114132301334
130012421135112424366645424546345353444657648888648786678354353653576366543325244255225245235002442
400424115353113252334452565774335745655545457555466665665567667756443453735244352362112151452341411
043043241243524256243666547576363566736777457446677656544887588336673543634332643262611143215542234