31 30 27 26 25 24 21 17
62 59 57 56 53 47
36 33 31 28 31 30
44 42 41 39 38 36 37 40
42 41 40 38 41 39 39
76 74 72 74 73 69
39 36 37 35 33 32 27
39 36 34 34 31 28 25
66 65 63 63 66
77 76 76 73 73
77 75 75 74 71 69 67 63
42 40 37 35 33 33 30 24
56 53 50 46 45
28 26 24 20 19 17 18
75 73 71 70 69 68 64 64
37 36 32 30 28 24
75 73 72 68 66 65 58
63 61 59 58 55 53 47 44
84 82 79 76 75 68 66 67
97 95 93 87 87
70 69 66 61 57
43 41 39 37 36 30 27 22
71 73 70 69 66 63 61 60
71 72 69 68 71
41 43 41 40 40
52 53 51 49 45
95 96 93 90 89 83
57 58 61 59 58 56 54 52
74 77 74 76 79
93 95 94 93 91 93 92 92
31 32 31 33 32 28
99 99 97 96 95 93 95 91
53 50 47 44 41 39 36
3 6 9 10 11 12 14 16
3 5 8 10 13 14 16
44 45 47 48 49 50 51 54
54 57 59 60 63 65 68 71
72 73 74 77 78 79 82 84
42 39 38 36 33
64 66 68 70 71
25 28 31 34 36 39 41 44
95 92 90 89 87
14 12 10 7 5 4
31 33 36 37 39 41 42
18 17 16 14 13 11 8 5
13 16 18 21 22 24
65 64 62 60 58 56
46 44 43 40 39 38 36 35
73 75 77 79 80 83 85
22 19 18 15 14 11
36 39 42 44 45 48 49
64 67 68 69 71 74
97 94 93 90 88
72 71 69 67 66
39 36 33 31 28 27 24
35 38 41 44 47 48
45 42 40 37 34 31 28
23 22 19 17 15 13 12 10
85 84 81 78 76 73 70 67
26 24 21 19 17 15
80 83 85 87 89
83 84 85 87 89 92 95
8 9 11 14 17 18 20
75 72 70 69 68 66
78 80 81 82 83 85 88
42 40 37 34 32 29 28
34 31 29 26 23 21 18 15
42 41 38 36 35 33 30 29
63 66 68 70 71
41 39 38 35 32 31
62 63 65 67 70
61 58 57 55 52 49 48
70 73 75 78 81 82 85
17 14 12 9 7 4 1
2 5 7 8 9
43 41 38 37 35 32
12 9 7 6 4
51 50 49 46 45 43
60 57 55 54 51 50
81 82 85 86 87
71 69 68 66 65 62 59
39 42 45 47 48 50 51
76 74 71 70 67
33 34 36 39 42 45 46
62 64 66 68 70 73 76 78
83 81 79 76 74
47 49 52 54 56
85 84 83 82 79 77 74
65 63 61 60 57
75 77 80 83 85
49 51 52 53 54 57 58 61
97 96 95 94 92
28 27 25 23 20
22 23 24 26 29 30 32
55 57 59 60 63 64
87 88 91 94 95 96 98
49 50 52 55 57 60 62
67 70 72 75 77
71 73 76 78 80 83 84
19 21 24 25 28 30